Output: 
How many countries do you want to add to the list?
3
List of countries: 
Macedonia FYR	0.0	0.0	0.0	0.0	0.0	0.0	0.0	0.0	0.0	0.0	0.0	0.0	0.0	0.0	0.0	0.0	0.0	0.0	0.0	0.0	0.0	0.0	0.0	0.0	0.0	0.0	0.0	0.0	0.0	0.0	0.0	0.0	0.0	0.0	0.0	0.0	0.053564006	0.620679856	1.494548007	2.395345854	5.640386155	10.81183556	17.61178072	37.29216586	47.25448381	54.11398038	60.36108494	85.5869447	93.74690592	92.50951414	102.4359533	105.1967071	106.1686238

Europe and Central Asia	0.0	0.0	0.0	0.0	0.0	0.0	0.0	0.0	0.0	0.0	0.0	0.0	0.0	0.0	0.0	0.0	0.0	0.0	0.0	0.0	0.0	0.0	0.0	0.0	0.0	0.0	0.0	0.0	0.0	0.0	0.0	0.0	0.0	0.0	0.0	0.0	0.0	0.0	0.0	0.0	0.0	0.0	0.0	0.0	0.0	0.0	0.0	0.0	0.0	0.0	0.0	0.0	0.0

Egypt Arab Rep.	0.0	0.0	0.0	0.0	0.0	0.0	0.0	0.0	0.0	0.0	0.0	0.0	0.0	0.0	0.0	0.0	0.0	0.0	0.0	0.0	0.0	0.0	0.0	0.0	0.0	0.0	0.0	0.004977561	0.005593283	0.006555298	0.007100178	0.007841417	0.008416892	0.011595444	0.012237709	0.012045436	0.011861838	0.103619882	0.141666208	0.738848579	2.056199148	4.157181333	6.580539155	8.349882145	10.82720009	18.98863599	24.66217297	40.54135052	54.69017202	72.09666743	90.50319174	105.0794228	119.9164442

first: 
Macedonia FYR	0.0	0.0	0.0	0.0	0.0	0.0	0.0	0.0	0.0	0.0	0.0	0.0	0.0	0.0	0.0	0.0	0.0	0.0	0.0	0.0	0.0	0.0	0.0	0.0	0.0	0.0	0.0	0.0	0.0	0.0	0.0	0.0	0.0	0.0	0.0	0.0	0.053564006	0.620679856	1.494548007	2.395345854	5.640386155	10.81183556	17.61178072	37.29216586	47.25448381	54.11398038	60.36108494	85.5869447	93.74690592	92.50951414	102.4359533	105.1967071	106.1686238
middle: 
Europe and Central Asia	0.0	0.0	0.0	0.0	0.0	0.0	0.0	0.0	0.0	0.0	0.0	0.0	0.0	0.0	0.0	0.0	0.0	0.0	0.0	0.0	0.0	0.0	0.0	0.0	0.0	0.0	0.0	0.0	0.0	0.0	0.0	0.0	0.0	0.0	0.0	0.0	0.0	0.0	0.0	0.0	0.0	0.0	0.0	0.0	0.0	0.0	0.0	0.0	0.0	0.0	0.0	0.0	0.0
last: 
Egypt Arab Rep.	0.0	0.0	0.0	0.0	0.0	0.0	0.0	0.0	0.0	0.0	0.0	0.0	0.0	0.0	0.0	0.0	0.0	0.0	0.0	0.0	0.0	0.0	0.0	0.0	0.0	0.0	0.0	0.004977561	0.005593283	0.006555298	0.007100178	0.007841417	0.008416892	0.011595444	0.012237709	0.012045436	0.011861838	0.103619882	0.141666208	0.738848579	2.056199148	4.157181333	6.580539155	8.349882145	10.82720009	18.98863599	24.66217297	40.54135052	54.69017202	72.09666743	90.50319174	105.0794228	119.9164442
first Test : 
Egypt Arab Rep.	0.0	0.0	0.0	0.0	0.0	0.0	0.0	0.0	0.0	0.0	0.0	0.0	0.0	0.0	0.0	0.0	0.0	0.0	0.0	0.0	0.0	0.0	0.0	0.0	0.0	0.0	0.0	0.004977561	0.005593283	0.006555298	0.007100178	0.007841417	0.008416892	0.011595444	0.012237709	0.012045436	0.011861838	0.103619882	0.141666208	0.738848579	2.056199148	4.157181333	6.580539155	8.349882145	10.82720009	18.98863599	24.66217297	40.54135052	54.69017202	72.09666743	90.50319174	105.0794228	119.9164442
middle Test : 
Europe and Central Asia	0.0	0.0	0.0	0.0	0.0	0.0	0.0	0.0	0.0	0.0	0.0	0.0	0.0	0.0	0.0	0.0	0.0	0.0	0.0	0.0	0.0	0.0	0.0	0.0	0.0	0.0	0.0	0.0	0.0	0.0	0.0	0.0	0.0	0.0	0.0	0.0	0.0	0.0	0.0	0.0	0.0	0.0	0.0	0.0	0.0	0.0	0.0	0.0	0.0	0.0	0.0	0.0	0.0
last Test : 
Egypt Arab Rep.	0.0	0.0	0.0	0.0	0.0	0.0	0.0	0.0	0.0	0.0	0.0	0.0	0.0	0.0	0.0	0.0	0.0	0.0	0.0	0.0	0.0	0.0	0.0	0.0	0.0	0.0	0.0	0.004977561	0.005593283	0.006555298	0.007100178	0.007841417	0.008416892	0.011595444	0.012237709	0.012045436	0.011861838	0.103619882	0.141666208	0.738848579	2.056199148	4.157181333	6.580539155	8.349882145	10.82720009	18.98863599	24.66217297	40.54135052	54.69017202	72.09666743	90.50319174	105.0794228	119.9164442

What country do you want to search for?
Europe and Central Asia
Country Europe and Central Asia found with details:

Europe and Central Asia	0.0	0.0	0.0	0.0	0.0	0.0	0.0	0.0	0.0	0.0	0.0	0.0	0.0	0.0	0.0	0.0	0.0	0.0	0.0	0.0	0.0	0.0	0.0	0.0	0.0	0.0	0.0	0.0	0.0	0.0	0.0	0.0	0.0	0.0	0.0	0.0	0.0	0.0	0.0	0.0	0.0	0.0	0.0	0.0	0.0	0.0	0.0	0.0	0.0	0.0	0.0	0.0	0.0

Done with TestCountryList.